2460676.500000000     281.76009 -22.99821
2460677.500000000     282.86344 -22.91172
2460678.500000000     283.96527 -22.81763
2460679.500000000     285.06545 -22.71597
2460680.500000000     286.16384 -22.60680
2460681.500000000     287.26031 -22.49017
2460682.500000000     288.35476 -22.36615
2460683.500000000     289.44708 -22.23480
2460684.500000000     290.53717 -22.09618
2460685.500000000     291.62494 -21.95037
2460686.500000000     292.71029 -21.79745
2460687.500000000     293.79315 -21.63750
2460688.500000000     294.87342 -21.47058
2460689.500000000     295.95104 -21.29677
2460690.500000000     297.02594 -21.11616
2460691.500000000     298.09805 -20.92882
2460692.500000000     299.16731 -20.73482
2460693.500000000     300.23369 -20.53426
2460694.500000000     301.29711 -20.32721
2460695.500000000     302.35755 -20.11377
2460696.500000000     303.41494 -19.89403
2460697.500000000     304.46926 -19.66807
2460698.500000000     305.52046 -19.43600
2460699.500000000     306.56849 -19.19792
2460700.500000000     307.61333 -18.95394
2460701.500000000     308.65492 -18.70414
2460702.500000000     309.69323 -18.44866
2460703.500000000     310.72822 -18.18759
2460704.500000000     311.75985 -17.92106
2460705.500000000     312.78808 -17.64916
2460706.500000000     313.81288 -17.37203
2460707.500000000     314.83423 -17.08978
2460708.500000000     315.85210 -16.80251
2460709.500000000     316.86651 -16.51036
2460710.500000000     317.87746 -16.21344
2460711.500000000     318.88497 -15.91187
2460712.500000000     319.88904 -15.60576
2460713.500000000     320.88970 -15.29525
2460714.500000000     321.88698 -14.98044
2460715.500000000     322.88090 -14.66145
2460716.500000000     323.87151 -14.33841
2460717.500000000     324.85885 -14.01141
2460718.500000000     325.84296 -13.68057
2460719.500000000     326.82391 -13.34600
2460720.500000000     327.80174 -13.00779
2460721.500000000     328.77653 -12.66607
2460722.500000000     329.74834 -12.32094
2460723.500000000     330.71723 -11.97249
2460724.500000000     331.68328 -11.62085
2460725.500000000     332.64654 -11.26613
2460726.500000000     333.60709 -10.90843
2460727.500000000     334.56498 -10.54786
2460728.500000000     335.52028 -10.18455
2460729.500000000     336.47305  -9.81859
2460730.500000000     337.42334  -9.45012
2460731.500000000     338.37121  -9.07924
2460732.500000000     339.31672  -8.70608
2460733.500000000     340.25991  -8.33074
2460734.500000000     341.20084  -7.95336
2460735.500000000     342.13957  -7.57405
2460736.500000000     343.07616  -7.19293
2460737.500000000     344.01068  -6.81011
2460738.500000000     344.94320  -6.42571
2460739.500000000     345.87380  -6.03984
2460740.500000000     346.80253  -5.65263
2460741.500000000     347.72948  -5.26418
2460742.500000000     348.65472  -4.87461
2460743.500000000     349.57834  -4.48402
2460744.500000000     350.50040  -4.09252
2460745.500000000     351.42101  -3.70021
2460746.500000000     352.34026  -3.30719
2460747.500000000     353.25825  -2.91355
2460748.500000000     354.17508  -2.51939
2460749.500000000     355.09084  -2.12480
2460750.500000000     356.00564  -1.72989
2460751.500000000     356.91959  -1.33473
2460752.500000000     357.83278  -0.93943
2460753.500000000     358.74531  -0.54409
2460754.500000000     359.65727  -0.14880
2460755.500000000       0.56876   0.24635
2460756.500000000       1.47985   0.64125
2460757.500000000       2.39065   1.03580
2460758.500000000       3.30122   1.42991
2460759.500000000       4.21165   1.82347
2460760.500000000       5.12201   2.21638
2460761.500000000       6.03238   2.60853
2460762.500000000       6.94283   2.99982
2460763.500000000       7.85342   3.39013
2460764.500000000       8.76425   3.77938
2460765.500000000       9.67537   4.16744
2460766.500000000      10.58686   4.55421
2460767.500000000      11.49877   4.93960
2460768.500000000      12.41117   5.32349
2460769.500000000      13.32412   5.70579
2460770.500000000      14.23769   6.08638
2460771.500000000      15.15194   6.46518
2460772.500000000      16.06695   6.84209
2460773.500000000      16.98279   7.21701
2460774.500000000      17.89957   7.58986
2460775.500000000      18.81735   7.96055
2460776.500000000      19.73622   8.32899
2460777.500000000      20.65628   8.69510
2460778.500000000      21.57760   9.05879
2460779.500000000      22.50027   9.41997
2460780.500000000      23.42437   9.77855
2460781.500000000      24.34997  10.13446
2460782.500000000      25.27715  10.48760
2460783.500000000      26.20598  10.83789
2460784.500000000      27.13652  11.18523
2460785.500000000      28.06884  11.52954
2460786.500000000      29.00299  11.87071
2460787.500000000      29.93902  12.20866
2460788.500000000      30.87699  12.54330
2460789.500000000      31.81695  12.87451
2460790.500000000      32.75894  13.20222
2460791.500000000      33.70300  13.52631
2460792.500000000      34.64917  13.84670
2460793.500000000      35.59748  14.16329
2460794.500000000      36.54796  14.47598
2460795.500000000      37.50060  14.78468
2460796.500000000      38.45543  15.08929
2460797.500000000      39.41242  15.38972
2460798.500000000      40.37161  15.68587
2460799.500000000      41.33300  15.97765
2460800.500000000      42.29661  16.26498
2460801.500000000      43.26246  16.54776
2460802.500000000      44.23058  16.82593
2460803.500000000      45.20099  17.09940
2460804.500000000      46.17372  17.36810
2460805.500000000      47.14878  17.63194
2460806.500000000      48.12621  17.89085
2460807.500000000      49.10600  18.14475
2460808.500000000      50.08818  18.39358
2460809.500000000      51.07275  18.63726
2460810.500000000      52.05972  18.87572
2460811.500000000      53.04908  19.10888
2460812.500000000      54.04083  19.33667
2460813.500000000      55.03495  19.55901
2460814.500000000      56.03144  19.77583
2460815.500000000      57.03027  19.98706
2460816.500000000      58.03142  20.19261
2460817.500000000      59.03487  20.39242
2460818.500000000      60.04059  20.58642
2460819.500000000      61.04853  20.77452
2460820.500000000      62.05867  20.95667
2460821.500000000      63.07094  21.13280
2460822.500000000      64.08527  21.30284
2460823.500000000      65.10158  21.46674
2460824.500000000      66.11977  21.62443
2460825.500000000      67.13977  21.77585
2460826.500000000      68.16148  21.92094
2460827.500000000      69.18482  22.05965
2460828.500000000      70.20971  22.19194
2460829.500000000      71.23609  22.31774
2460830.500000000      72.26389  22.43702
2460831.500000000      73.29304  22.54975
2460832.500000000      74.32348  22.65587
2460833.500000000      75.35513  22.75537
2460834.500000000      76.38792  22.84821
2460835.500000000      77.42178  22.93436
2460836.500000000      78.45664  23.01380
2460837.500000000      79.49242  23.08649
2460838.500000000      80.52904  23.15242
2460839.500000000      81.56642  23.21157
2460840.500000000      82.60448  23.26391
2460841.500000000      83.64313  23.30943
2460842.500000000      84.68229  23.34811
2460843.500000000      85.72187  23.37992
2460844.500000000      86.76180  23.40486
2460845.500000000      87.80198  23.42290
2460846.500000000      88.84232  23.43405
2460847.500000000      89.88275  23.43829
2460848.500000000      90.92316  23.43563
2460849.500000000      91.96343  23.42607
2460850.500000000      93.00346  23.40962
2460851.500000000      94.04312  23.38629
2460852.500000000      95.08226  23.35608
2460853.500000000      96.12077  23.31903
2460854.500000000      97.15851  23.27514
2460855.500000000      98.19538  23.22444
2460856.500000000      99.23127  23.16694
2460857.500000000     100.26608  23.10268
2460858.500000000     101.29973  23.03168
2460859.500000000     102.33212  22.95398
2460860.500000000     103.36319  22.86962
2460861.500000000     104.39285  22.77863
2460862.500000000     105.42103  22.68105
2460863.500000000     106.44765  22.57693
2460864.500000000     107.47265  22.46631
2460865.500000000     108.49596  22.34924
2460866.500000000     109.51752  22.22576
2460867.500000000     110.53727  22.09593
2460868.500000000     111.55514  21.95978
2460869.500000000     112.57110  21.81738
2460870.500000000     113.58509  21.66876
2460871.500000000     114.59707  21.51398
2460872.500000000     115.60701  21.35309
2460873.500000000     116.61486  21.18613
2460874.500000000     117.62061  21.01317
2460875.500000000     118.62422  20.83426
2460876.500000000     119.62564  20.64947
2460877.500000000     120.62483  20.45886
2460878.500000000     121.62173  20.26252
2460879.500000000     122.61629  20.06050
2460880.500000000     123.60845  19.85290
2460881.500000000     124.59816  19.63978
2460882.500000000     125.58536  19.42123
2460883.500000000     126.57003  19.19732
2460884.500000000     127.55213  18.96812
2460885.500000000     128.53166  18.73373
2460886.500000000     129.50859  18.49421
2460887.500000000     130.48292  18.24966
2460888.500000000     131.45464  18.00015
2460889.500000000     132.42378  17.74577
2460890.500000000     133.39032  17.48660
2460891.500000000     134.35428  17.22273
2460892.500000000     135.31567  16.95424
2460893.500000000     136.27451  16.68121
2460894.500000000     137.23082  16.40373
2460895.500000000     138.18463  16.12187
2460896.500000000     139.13596  15.83573
2460897.500000000     140.08486  15.54537
2460898.500000000     141.03136  15.25087
2460899.500000000     141.97552  14.95231
2460900.500000000     142.91739  14.64976
2460901.500000000     143.85704  14.34330
2460902.500000000     144.79452  14.03300
2460903.500000000     145.72987  13.71895
2460904.500000000     146.66315  13.40123
2460905.500000000     147.59440  13.07994
2460906.500000000     148.52363  12.75517
2460907.500000000     149.45089  12.42700
2460908.500000000     150.37620  12.09554
2460909.500000000     151.29960  11.76088
2460910.500000000     152.22112  11.42311
2460911.500000000     153.14081  11.08233
2460912.500000000     154.05870  10.73863
2460913.500000000     154.97487  10.39210
2460914.500000000     155.88935  10.04285
2460915.500000000     156.80221   9.69095
2460916.500000000     157.71351   9.33652
2460917.500000000     158.62332   8.97963
2460918.500000000     159.53169   8.62038
2460919.500000000     160.43869   8.25887
2460920.500000000     161.34439   7.89519
2460921.500000000     162.24886   7.52942
2460922.500000000     163.15217   7.16166
2460923.500000000     164.05440   6.79200
2460924.500000000     164.95562   6.42052
2460925.500000000     165.85592   6.04730
2460926.500000000     166.75541   5.67242
2460927.500000000     167.65417   5.29597
2460928.500000000     168.55231   4.91802
2460929.500000000     169.44994   4.53864
2460930.500000000     170.34716   4.15793
2460931.500000000     171.24407   3.77595
2460932.500000000     172.14074   3.39280
2460933.500000000     173.03726   3.00858
2460934.500000000     173.93369   2.62338
2460935.500000000     174.83011   2.23730
2460936.500000000     175.72659   1.85043
2460937.500000000     176.62320   1.46288
2460938.500000000     177.52001   1.07475
2460939.500000000     178.41710   0.68613
2460940.500000000     179.31454   0.29713
2460941.500000000     180.21242  -0.09217
2460942.500000000     181.11081  -0.48164
2460943.500000000     182.00978  -0.87121
2460944.500000000     182.90942  -1.26076
2460945.500000000     183.80980  -1.65019
2460946.500000000     184.71100  -2.03941
2460947.500000000     185.61309  -2.42831
2460948.500000000     186.51615  -2.81680
2460949.500000000     187.42026  -3.20477
2460950.500000000     188.32550  -3.59213
2460951.500000000     189.23194  -3.97877
2460952.500000000     190.13969  -4.36461
2460953.500000000     191.04881  -4.74954
2460954.500000000     191.95943  -5.13348
2460955.500000000     192.87164  -5.51633
2460956.500000000     193.78555  -5.89802
2460957.500000000     194.70128  -6.27844
2460958.500000000     195.61892  -6.65752
2460959.500000000     196.53858  -7.03516
2460960.500000000     197.46033  -7.41126
2460961.500000000     198.38425  -7.78572
2460962.500000000     199.31042  -8.15842
2460963.500000000     200.23890  -8.52926
2460964.500000000     201.16976  -8.89812
2460965.500000000     202.10308  -9.26491
2460966.500000000     203.03892  -9.62949
2460967.500000000     203.97735  -9.99177
2460968.500000000     204.91843 -10.35162
2460969.500000000     205.86221 -10.70894
2460970.500000000     206.80877 -11.06361
2460971.500000000     207.75814 -11.41552
2460972.500000000     208.71038 -11.76456
2460973.500000000     209.66553 -12.11060
2460974.500000000     210.62364 -12.45353
2460975.500000000     211.58476 -12.79324
2460976.500000000     212.54891 -13.12962
2460977.500000000     213.51614 -13.46255
2460978.500000000     214.48649 -13.79191
2460979.500000000     215.45999 -14.11760
2460980.500000000     216.43669 -14.43950
2460981.500000000     217.41662 -14.75750
2460982.500000000     218.39985 -15.07149
2460983.500000000     219.38642 -15.38137
2460984.500000000     220.37640 -15.68705
2460985.500000000     221.36983 -15.98841
2460986.500000000     222.36677 -16.28537
2460987.500000000     223.36724 -16.57781
2460988.500000000     224.37128 -16.86564
2460989.500000000     225.37890 -17.14873
2460990.500000000     226.39012 -17.42697
2460991.500000000     227.40494 -17.70025
2460992.500000000     228.42336 -17.96846
2460993.500000000     229.44539 -18.23147
2460994.500000000     230.47102 -18.48918
2460995.500000000     231.50023 -18.74147
2460996.500000000     232.53300 -18.98824
2460997.500000000     233.56931 -19.22937
2460998.500000000     234.60913 -19.46475
2460999.500000000     235.65239 -19.69429
2461000.500000000     236.69907 -19.91787
2461001.500000000     237.74910 -20.13539
2461002.500000000     238.80241 -20.34675
2461003.500000000     239.85895 -20.55185
2461004.500000000     240.91863 -20.75059
2461005.500000000     241.98139 -20.94288
2461006.500000000     243.04714 -21.12862
2461007.500000000     244.11582 -21.30772
2461008.500000000     245.18733 -21.48010
2461009.500000000     246.26161 -21.64567
2461010.500000000     247.33858 -21.80436
2461011.500000000     248.41817 -21.95608
2461012.500000000     249.50032 -22.10078
2461013.500000000     250.58495 -22.23838
2461014.500000000     251.67197 -22.36883
2461015.500000000     252.76131 -22.49206
2461016.500000000     253.85286 -22.60801
2461017.500000000     254.94654 -22.71662
2461018.500000000     256.04223 -22.81782
2461019.500000000     257.13983 -22.91155
2461020.500000000     258.23922 -22.99776
2461021.500000000     259.34030 -23.07638
2461022.500000000     260.44294 -23.14739
2461023.500000000     261.54702 -23.21072
2461024.500000000     262.65239 -23.26635
2461025.500000000     263.75893 -23.31424
2461026.500000000     264.86647 -23.35436
2461027.500000000     265.97488 -23.38668
2461028.500000000     267.08400 -23.41119
2461029.500000000     268.19366 -23.42787
2461030.500000000     269.30371 -23.43670
2461031.500000000     270.41398 -23.43769
2461032.500000000     271.52430 -23.43082
2461033.500000000     272.63453 -23.41610
2461034.500000000     273.74449 -23.39353
2461035.500000000     274.85403 -23.36312
2461036.500000000     275.96301 -23.32489
2461037.500000000     277.07128 -23.27885
2461038.500000000     278.17871 -23.22504
2461039.500000000     279.28517 -23.16347
2461040.500000000     280.39054 -23.09420